
 all Leagues Ranked - Pokemon Search String - top 100 

Result for league: ELx
 
580,1,546,37,43,152,406,170,387,58,86,72,270,498,194,540,590,102,650,46,187,285,79,60,218,607,688,495,511,554,513,597,345,273,690,191,535,667,4,459,653,692,363,155,240,339,390,320,422,77,592,458,255,69,228,322,366,564,501,515,283,114,54,138,331,252,118,258,585,456,158,420,393,223,90,318,140,7

Result for league: JJx
 
546,618,40,451,334,616,113,560,227,95,220,633,208,580,547,205,434,288,194,667,460,660,42,668,52,634,207,83,329,357,212,691,31,48,211,149,630,339,690,108,260,417,454,298,152,557,530,589,624,197,413,44,662,15,453,425,416,43,340,174,290,142,39,279,45,163,598,406,18,226,30,190,71,74,322,169,336,597,216,6

Result for league: GLx
 
379,618,709,365,308,560,108,334,411,260,31,752,68,660,377,302,754,184,630,42,784,340,105,227,386,462,288,563,448,357,186,460,351,503,788,417,15,197,154,488,164,634,195,202,40,143,783,589,760,210,151,38,478,446,18,3,865,57,330,279,454,205,237,243,145,466,593,9,463,378,497,335,131,257,282,148,862,36,107,706,171,702,364

Result for league: XGx
 
379,108,288,660,340,630,377,68,105,634,38,783,42,143,357,784,448,462,478,863,15,760,752,186,446,279,205,460,563,754,706,202,351,488,148,405,57,145,454,378,237,164,195,149,530,259,865,788,589,463,168,476,131,154,618,30,257,364,89,417,208,809,335,9,330,28,87,503,6,40,297,18,336,691,88,210,211

Result for league: RLx
 
108,365,478,709,334,377,563,460,752,378,143,463,351,31,446,593,783,42,151,417,488,105,164,364,87,308,145,691,131,335,386,330,148,706,113,784,357,202,621,89,130,226,340,30,336,94,68,503,279,15,405,760,765,356,97,426,93,171,243,260,696,611,699,149,288,698,466,381,472,264,754,75,144,689,660,88,9,346

Result for league: KLx
 
108,31,113,18,143,15,28,97,38,131,42,88,20,148,89,9,6,27,151,75,130,68,61,105,3,26,87,150,134,30,139,76,127,145,119,149,73,57,94,107,40,82,51,83,62,146,101,93,55,36,58,67,49,81,138,44,144,2,99,8

Result for league: HWx
 
630,42,184,31,15,38,413,558,593,478,303,88,205,212,197,435,89,302,105,452,624,40,563,629,211,73,691,169,426,248,36,589,683,596,557,94,700,30,685,93,634,168,336,430,862,210,682,649,560,317,454,625,545,356,269,229,282,20,632,33,609,425,34,264,262,553,547,690,49,461,407,215,348,416

Result for league: FLx
 
379,448,598,589,752,260,272,279,271,195,62,593,303,863,413,186,462,205,351,788,340,55,346,365,259,423,184,9,227,618,689,130,809,581,345,226,537,377,411,212,82,28,530,632,81,503,171,61,160,185,134,342,594,131,320,536,364,400,395,159,87,230,768,502,600,8,438,458,321,367,479,99,350,649

Result for league: ULx
 
379,365,709,260,377,154,560,488,788,618,487,460,663,378,3,463,589,862,208,630,143,754,472,68,197,9,598,205,497,6,186,130,503,57,38,144,31,214,784,448,28,131,863,297,563,107,237,275,335,700,36,452,18,330,145,649,62,94,435,760,652,127,221,227,346,640,865,462,89,465,386,182,334,713,210,249

Result for league: PLx
 
618,460,260,227,630,598,593,865,38,68,706,589,426,334,560,663,462,154,186,197,3,596,143,448,149,57,237,131,437,863,208,475,346,205,466,36,257,130,226,862,279,297,330,214,97,472,497,28,454,94,340,9,210,465,407,691,626,430,230,89,221,182,395,468,530,78,335,683,107,62,700,685,523,26,157,652

Result for league: MLx
 
487,249,644,383,717,150,643,483,149,809,484,143,130,445,250,645,260,468,649,376,473,784,382,713,145,381,365,671,646,730,530,151,377,700,788,379,144,706,243,462,282,787,485,491,534,635,384,214,589,450,553,68,464,461,471,146,612,760,385,786,248,232,865,244,639,785,640,488,350,380,466,378,862,642,472,134,699,638

Result for league: CLx
 
383,809,150,644,143,487,645,483,249,445,643,130,260,671,730,484,376,250,717,149,468,365,485,145,473,784,530,713,700,382,649,377,282,151,381,243,464,68,462,788,646,214,244,706,378,589,146,385,379,760,534,865,450,640,144,638,639,787,94,384,642,612,471,786,407,257,350,232,297,465,491,212,466,475,474,553,555,652,245
