
 all Leagues Ranked - Pokemon Search String - top 50 

Result for league: ELx
 
580,1,546,37,43,152,406,170,387,58,86,72,270,498,194,540,590,102,650,46,187,285,79,60,218,607,688,495,511,554,513,597,345,273,690,191,535,667

Result for league: GLx
 
379,709,618,260,308,108,560,334,411,171,68,867,660,31,184,377,302,630,40,417,357,197,288,563,340,202,227,488,15,149,448,42,154,386,446,462,405,460,210,189,148,862,143,38,365

Result for league: XGx
 
660,379,630,108,488,31,377,340,202,113,68,634,593,208,351,417,460,302,40,15,145,210,618,57,448,87,357,478,862,237,462,18,282,28,706,865,530,42,38,36,259,226

Result for league: RLx
 
108,478,488,377,97,460,113,386,334,351,426,87,308,463,593,340,417,149,131,226,148,446,143,105,706,356,151,279,364,202,94,378,260,68,596,171,249,130,145,663,335,93,689

Result for league: KLx
 
108,113,89,97,143,131,88,151,75,105,28,87,20,148,27,38,3,15,6,40,145,82,42,9,150,26,149,139,94,130,76,68,61,18,36

Result for league: ULx
 
379,709,638,260,640,862,377,154,487,560,488,618,663,208,365,460,589,378,3,149,463,630,143,241,186,197,598,671,563,9,68,130,57,31,144,497,6,452,205,131,448,18,596

Result for league: PLx
 
618,460,260,227,630,598,593,865,38,68,706,589,426,334,560,663,462,154,186,197,3,596,143,448,149,57,237,131,437,863,208,475,346,205,466,36,257,130,226,862,279

Result for league: MLx
 
249,149,487,383,150,644,716,717,671,130,643,483,484,250,809,143,381,468,260,445,376,645,473,635,382,649,145,713,377,151,640,700,638,530,639,646,144

Result for league: CLx
 
383,809,250,249,717,483,445,150,644,487,149,143,484,643,473,645,468,145,376,700,260,382,243,377,151,282,530,464,130,462,378,381,485,144,646,68,706,471,384
