
 all Leagues Ranked - Pokemon Search String - top 25 

Result for league: ELx
 
580,1,546,37,43,152,406,170,387,58,86,72,270,498,194,540,590,102,650,46,187

Result for league: JJx
 
208,618,40,334,616,560,547,220,133,227,434,633,205,83,95,288,41,194,660,460,668

Result for league: GLx
 
379,709,618,260,308,108,560,334,411,171,867,68,31,660,184,752,377,302,630,40,417,357,784

Result for league: XGx
 
379,108,288,660,340,630,377,68,105,634,38,783,42,143,357,784,448,462,478,863,15,760,752

Result for league: RLx
 
108,365,478,709,334,377,563,460,752,378,143,463,351,31,446,593,783,42,151,417,488,105

Result for league: KLx
 
108,31,113,18,143,15,28,97,38,131,42,88,20,148,89,9,6

Result for league: HWx
 
630,42,184,31,15,38,413,558,593,478,303,88,205,212,197,435,89,302,105,452,624

Result for league: FLx
 
379,448,598,589,752,260,272,279,271,195,62,593,303,863,413,186,462,205,351,788,340,55

Result for league: ULx
 
379,709,638,260,640,862,794,377,154,487,560,788,488,618,663,208,365,460,589,378,3,149

Result for league: PLx
 
618,460,260,227,630,598,593,865,38,68,706,589,426,334,560,663,462,154,186,197

Result for league: MLx
 
249,149,487,383,150,644,716,717,671,130,643,483,484,250,809,143,381,468,794

Result for league: CLx
 
383,809,150,644,143,487,645,483,249,445,643,130,260,671,730,484,376,250,717,149,468,365
