
For Great leagues, top100, keep:

3-3,6,9,15,26,28,36,38,40,42,57,62,67-68,75-76,87,89,93-94,97,105,107-108,113,130-131,143-145,148-149,151,154,164,171,182,184,186,189,195,197,202,205,208,210,214,226-227,237,243,245,249,254,257,259-260,264,275,279,282,288,297,302,308,330,334-335,340,346,351,356-357,362,364,377-379,381,386,395,411,417,425-426,446,448,454,460,462-463,465-466,468,472,478,488,497,530,547,558,560,565,589,593-594,596,598,618,630,634,652,660,663,809,862-863,865-865CP-1500


For Ultra leagues, top100, keep:

3-3,6,9,28,36,38,57,62,68,89,94,97,107,130-131,143-145,150-151,154,157,182,186,197,205,208,214,221,227,237,243,245,249-250,254,260,275,279,297,330,334-335,340,346,377-379,426,430,437,448,460,462-463,465-466,468,472,487-488,497,560,589,593,598,618,630,640,649,652,663,862-863,865-865CP-2500


For Master leagues, top100, keep:

6-6,28,68,89,94,127,130-131,134,143-146,149-151,181,208,212,214,217,243-245,248-250,257,260,282,297,350,373,376-385,395,445,448,450,460-462,464-466,468,471-475,483-488,491,526,530,534,553,555,589,612,614,626,628,635,638,640,642-645,649,652,809,862,865-865